usr1
64
0.053911
0.063382
0.073491
0.084228
0.095582
0.107545
0.120107
0.133259
0.146993
0.161297
0.176161
0.191573
0.20752
0.223989
0.240963
0.258428
0.276366
0.294758
0.313585
0.332826
0.352459
0.372461
0.392807
0.413473
0.203639
0.227107
0.250983
0.275239
0.299844
0.324766
0.349971
0.375424
0.401088
0.426928
0.452905
0.478982
0.505121
0.531285
0.557434
0.583535
0.609549
0.635443
0.661183
0.686737
0.712075
0.737168
0.761991
0.786517
0.810725
0.834595
0.858107
0.881245
0.903996
0.926346
0.804967
0.831156
0.85685
0.882035
0.9067
0.930834
0.954432
0.977488
1
0.077377
